20170823
20170920
20170413
20170225
20161118
20170804
20170823
20170720
20160303
20170430
20170910
20170719
20170831
20170720
20160309
20161128
20170607
20170415
20150728
20170906
20160327
20150211
20170718
20170121
20150730
20170314
20170512
20160217
20130817
20170414
20151001
20170429
20150110
20170314
20160604
20150308
20170825
20141214
20161210
20170601
20140618
20160127
20170914
20141230
20130711
20140416
20160206
20140910
20150702
20170828
20170917
20151019
20160810
20161130
20170913
20170628
20150218
20170703
20170512
20150504
20160928
20170208
20150323
20110324
20160927
20170913
20170920
20160227
20150425
20170920
20100715
20140919
20150629
20130406
20160112
20170917
20170921
20170710
20170622
20170916
20170708
20150326
20170602
20170918
20170830
20150319
20170916
20170917
20151008
20170106
20170315
20170517
20170916
20170906
20160223
20121011
20170921
20160817
20170914
20170209
20170919
20170409
20170918
20170708
20150519
20120725
20170910
20140909
20160329
20170904
20170703
20170201
20170911
20170916
20150225
20170907
20170210
20170911
20170912
20170904
20170909
20150713
20170910
20141118
20170316
20170915
20170903
20170910
20170918
20170414
20150318
20170810
20160829
20141006
20170617
20170912
20170908
20170615
20170829
20170413
20170830
20170508
20170822
20091114
20140312
20170326
20170910
20151217
20170809
20150624
20161120
20170826
20170829
20170308
20170903
20161114
20170116
20170828
20161114
20170818
20170908
20150711
20170818
20170331
20130416
20170703
20170821
20160530
20160708
20170829
20170829
20170808
20150904
20150929
20170815
20170910
20170820
20170831
20170301
20170903
20160520
20170320
20170711
20170825
20161205
20160927
20170420
20170902
20170405
20170723
20170805
20170227
20170728
20170824
20170818
20150818
20170824
20151007
20170306
20170818
20170817
20170820
20151115
20170801
20170824
20160206
20170815
20170828
20170226
20160706
20170228
20150407
20170731
20170814
20170119
20170816
20170605
20141106
20170730
20170129
20170804
20170804
20151202
20170608
20170811
20170123
20160528
20170828
20120610
20170816
20131122
20120920
20170914
20141230
20170804
20170818
20170115
20161211
20170724
20160717
20170725
20170412
20170619
20170808
20170117
20161223
20160115
20170109
20170727
20160606
20170727
20130812
20170817
20170804
20090817
20160310
20170711
20150515
20170817
20170525
20170203
20161215
20160315
20161225
20160716
20170816
20170520
20170810
20170725
20170803
20170630
20160702
20170725
20170731
20170512
20160120
20170508
20161229
20170823
20161110
20170724
20150922
20170801
20170516
20170905
20091109
20170328
20160905
20170805
20170717
20170712
20150105
20170822
20170126
20170701
20120426
20160102
20170515
20160820
20160114
20160326
20170329
20170104
20170714
20170411
20151115
20161122
20170815
20160325
20170721
20170730
20170703
20170801
20170810
20170519
20170817
20161206
20160607
20160905
20170510
20170501
20130924
20150915
20170627
20170913
20141116
20170726
20170710
20160907
20170826
20170804
20170726
20161105
20170717
20170518
20170717
20170712
20170717
20151010
20160607
20151020
20160825
20161114
20160212
20170705
20170710
20170505
20090826
20170525
20170304
20170807
20170517
20170718
20170126
20170724
20170918
20170830
20170620
20170705
20160304
20170310
20170703
20170608
20170618
20170516
20151209
20170623
20161009
20120225
20170318
20170703
20160125
20170501
20170517
20130107
20170613
20140813
20150206
20150327
20161228
20170707
20170720
20170614
20170722
20140826
20170704
20170702
20170518
20170516
20160417
20160112
20170704
20170718
20150530
20161005
20170629
20160706
20161109
20170628
20161116
20170312
20170306
20100922
20161108
20170104
20170407
20170228
20170418
20151028
20090824
20160911
20170712
20170406
20170913
20170712
20131206
20170610
20160628
20160128
20160711
20150108
20170413
20160214
20170427
20170530
20151002
20170314
20170217
20170709
20161117
20150416
20170508
20170307
20150307
20151223
20140927
20170524
20170612
20170514
20170607
20151203
20170212
20170115
20170716
20170106
20170628
20160729
20170515
20170302
20160614
20170527
20170602
20170723
20170602
20160901
20161009
20170607
20170707
20150713
20170529
20170313
20170619
20170420
20140806
20170705
20141112
20161031
20160201
20150125
20170313
20170811
20150125
20160515
20160521
20170620
20170814
20170605
20170525
20150825
20140923
20061125
20170408
20170620
20160403
20170411
20160704
20151118
20161220
20170729
20160118
20170712
20170310
20160805
20170222
20170514
20170630
20170515
20170623
20170517
20170207
20170522
20130509
20150915
20151222
20170212
20170422
20170615
20170620
20160412
20170612
20170630
20170515
20170311
20151230
20170609
20170510
20170227
20150415
20170527
20170502
20170414
20170418
20170921
20170525
20120806
20160223
20150204
20161223
20161214
20140909
20160209
20170908
20170318
20160831
20170627
20170520
20160128
20160116
20170605
20170607
20170309
20170528
20170519
20170610
20170619
20170602
20160325
20170511
20170110
20160821
20141029
20161225
20150220
20170517
20150829
20150203
20170420
20170630
20170109
20170605
20170502
20170510
20170529
20170804
20170329
20150818
20170405
20170512
20170412
20150811
20170320
20170524
20130907
20170602
20170518
20160113
20170520
20170510
20170816
20161205
20170605
20170811
20160804
20150116
20170619
20170425
20170514
20161129
20150803
20161116
20150604
20161224
20141117
20160304
20170609
20160526
20150930
20170117
20161206
20160615
20170408
20151231
20140903
20170523
20151211
20170610
20170825
20170524
20150725
20170213
20170502
20170921
20160706
20170526
20160802
20170409
20170417
20150726
20170518
20170623
20150720
20161206
20161122
20150203
20170407
20170103
20170610
20160929
20170916
20170509
20170324
20170428
20170430
20150506
20161202
20160322
20160323
20160102
20170428
20170511
20160306
20160328
20170108
20170904
20111018
20170725
20170522
20161020
20170619
20170731
20130210
20170518
20160427
20160204
20160927
20150827
20170527
20170422
20170426
20170304
20150703
20170516
20130723
20170516
20151020
20170703
20150823
20160114
20160801
20150519
20160708
20161021
20170609
20160111
20170527
20170523
20170731
20120107
20160607
20170412
20170304
20170417
20170423
20170413
20170424
20170418
20170212
20120702
20170427
20170205
20160524
20170128
20160406
20151209
20170411
20170405
20160617
20160630
20150409
20170512
20170210
20170418
20161127
20140623
20170508
20170412
20150407
20161127
20161006
20160928
20160105
20170902
20170511
20170317
20120220
20170509
20170908
20040721
20170405
20161121
20160424
20141113
20151201
20170313
20170118
20170321
20170405
20151225
20160721
20170320
20170503
20160714
20150710
20170223
20170610
20170314
20160606
20150612
20170330
20160929
20170225
20170324
20170301
20170907
20160826
20170424
20151130
20170331
20170228
20161114
20170725
20150929
20150409
20170422
20170202
20151116
20150528
20170319
20170412
20170125
20170207
20170309
20161117
20151111
20170821
20150905
20170914
20170129
20170601
20150105
20170508
20160117
20170310
20151221
20150124
20170330
20141226
20170304
20170417
20161120
20080712
20170411
20160920
20170304
20140729
20150810
20150617
20170608
20170118
20170608
20170121
20140519
20170228
20170408
20170502
20170404
20160917
20170331
20150824
20170320
20151222
20160406
20170304
20150207
20151018
20170313
20160621
20151214
20170424
20140411
20170327
20170916
20170407
20160124
20150512
20170120
20170216
20161113
20170508
20170613
20150719
20160809
20161031
20170323
20140616
20170806
20170223
20151218
20151030
20160409
20150625
20160121
20160226
20170311
20170724
20170418
20170906
20150411
20160627
20161230
20170913
20090710
20161202
20170304
20170303
20160807
20150920
20071025
20090415
20170903
20170327
20170113
20130422
20160309
20160330
20170309
20170420
20150626
20150620
20160314
20160917
20170407
20170602
20151120
20140720
20170331
20170225
20140225
20120730
20150716
20170422
20170807
20170320
20170401
20160203
20140826
20150930
20170720
20161112
20170921
20170226
20170412
20140911
20170213
20170308
20170105
20090316
20170422
20170906
20170430
20170130
20150709
20160214
20170309
20160402
20170305
20150630
20150205
20170811
20170221
20170104
20160323
20170710
20151115
20150728
20170124
20170408
20170118
20170108
20150613
20170221
20170109
20151104
20170306
20170310
20170518
20170426
20160807
20150521
20170110
20170202
20170214
20150402
20150225
20140930
20170222
20170425
20150911
20170214
20161223
20170206
20090908
20150110
20160916
20151021
20161201
20150324
20170706
20110512
20160711
20170216
20170204
20170116
20170228
20170114
20170304
20170118
20160508
20120219
20170209
20170204
20160723
20141228
20170813
20170118
20160720
20150326
20121011
20170912
20161229
20170208
20170306
20170108
20170226
20170828
20140521
20170122
20170705
20170601
20161226
20150429
20170223
20170414
20170922
20150805
20161223
20080113
20170310
20160511
20170204
20161223
20131107
20170206
20160322
20170207
20150911
20170108
20160829
20170111
20160826
20170212
20170504
20170628
20140614
20141202
20141207
20170828
20170109
20160428
20141216
